1 10 20
100 200 125
201 210 89
4492 457 238
457 4492 238
39175 27144 324
21874 5251 279
41957 50754 314
900 1000 174
77257 98818 338
1189 78387 351
78387 1139 351
27144 39175 324
20909 52322 324
52322 20909 324
37241 2663 324
49127 74107 340
311 371 144
74107 49127 340
1 1 1
837 857 104
4500 71 238
71 4500 238
689 1657 182
19900 11776 279
48025 74497 340
250 6137 238
6137 250 238
59037 27583 340
27583 59037 340
30757 4512 308
5246 3099 238
3099 5246 238
37472 42497 306
42497 37472 306
3319 2264 217
2264 3319 217
47655 2124 324
7203 78673 351
344 4686 238
3 4 8
1752 6915 262
6915 1752 262
1382 711 182
711 1382 182
60056 87262 351
87262 60056 351
131 763 171
763 131 171
258 2106 182
195 2228 183
2228 195 183
3506 4148 238
4148 3506 238
92485 83258 333
83258 92485 333
18278 62601 340
40666 50964 314
50964 40666 314
3506 4148 238
17768 57695 340
8 8 4
4 3 8
57695 17768 340
978 5502 238
5502 978 238
18851 77558 351
5502 978 238
4 9 20
77558 18851 351
10 1 20
51414 86113 351
86113 51414 351
47733 27393 324
200 100 125
210 201 89
4492 457 238
1000 900 174
9 751 171
95440 823 351
823 95440 351
751 9 171
536 465 142
465 536 142
93503 79909 333
56251 74737 335
62601 18278 340
49586 12623 324
12623 49586 324
16122 34531 311
63912 1688 340
2780 8080 262
33018 23574 308
9 4 20
13150 61092 340
37472 42497 306
34531 16122 311
54285 12676 340
131 763 171
20676 31845 308